import numpy as np
#A = np.matrix([[0.999,0.00539,0.0196,0.001],[1,2,2,3],[3,32,2,2],[2,2,2,1]])
#A = np.matrix([[0.99979307176103460, 0.0053904190278534769,0.019615224733340209,0.0018390581056504302], [-0.0047955979761419576, 0.99953097613050201, -0.030246156708859051, -0.046220808787815752],[-0.019769064183377622, 0.030145831192883041, 0.99934999522840018, -0.017280176116962958],[0,0,0,1]])#old

A = np.matrix([[0.99970848341973817, 0.0064501255613749215, -0.023266801646328626, -0.00075305869943650418],[-0.0070593422530964471, 0.99963185911816188, -0.026197555666911444, -0.037704299490677870],[0.023089258662000300, 0.026354166961028540, 0.99938598350098440, -0.011850893555359041],[0,0,0,1]])

B = np.matrix([[9.9998295040545082e-01, -3.6335704139050518e-03,-4.5712213309494262e-03, 1.0535718523291838e-01],[ 3.6878047268577019e-03,9.9992224504373950e-01, 1.1912344982603594e-02, -3.2884788326268254e-02],[ 4.5275815515457632e-03, -1.1928999653583301e-02,9.9991859667302863e-01, 7.7246886805358130e-03],[0,0,0,1]])
print(A)

print("*" * 50)
print(np.linalg.inv(A))
print(np.linalg.inv(A)*B)

