%YAML:1.0
---

# T_ev_depth: !!opencv-matrix
#    rows: 4
#    cols: 4
#    dt: d
#    data: [  0.999774,-0.00578268,-0.0204645,0.0834269,
#             0.00862641,0.989868,0.141727,0.00733801,
#             0.0194376,-0.141871,0.989694,0.00249401,
#             0,0,0,1 ]

T_rgb_depth: !!opencv-matrix
   rows: 4
   cols: 4
   dt: d
   data: [ 9.9999899999999997e-01, 5.0424100000000000e-04,-1.2488400000000000e-03, -3.2005400000000003e-02,
       -3.7795000000000000e-04, 9.9507400000000001e-01, 9.9137100000000006e-02, -1.8432500000000001e-03,
       1.2926800000000000e-03, -9.9136500000000002e-02, 9.9507299999999999e-01, 4.0523699999999996e-03,
        0., 0., 0., 1. ]

T_ev_depth: !!opencv-matrix
   rows: 4
   cols: 4
   dt: d
   data: [ 0.99976994, -0.01096674,  0.0184334,   0.10649727,
          0.01025578,  0.99921632,  0.0382305,   0.00601806,
         -0.01883821, -0.03803265,  0.99909891,  0.01696846,
           0.,          0.,          0.,          1.]        

T_ev_map: !!opencv-matrix
   rows: 4
   cols: 4
   dt: d
   data: [1,0,0,0,
          0,1,0,0,
          0,0,1,0,
          0,0,0,1]


#[  9.99708483e-01, -7.05934225e-03,  2.30892587e-02,  7.60299962e-04,
 #           6.45012556e-03,  9.99631859e-01,  2.63541670e-02,  3.80075967e-02,
  #          -2.32668016e-02, -2.61975557e-02,  9.99385984e-01,  1.08383352e-02,
   #         0,0,0,1 ]


K_rgb: !!opencv-matrix
   rows: 3
   cols: 3
   dt: d
   data: [ 6.0296500000000003e+02, 0., 6.4002800000000002e+02, 0.,
       6.0278599999999994e+02, 3.6464200000000000e+02, 0., 0., 1. ]

K_ev: !!opencv-matrix
   rows: 3
   cols: 3
   dt: d
   data: [ 327.32749,    0.     ,  304.97749,
            0.     ,  327.46184,  235.37621,
            0.     ,    0.     ,    1.     ]
K_depth: !!opencv-matrix
   rows: 3
   cols: 3
   dt: d
   data: [557.19116,   0.     , 310.87738,  
           0.     , 557.79749, 239.09586, 
           0.     ,   0.     ,   1.    ]

P_ev: !!opencv-matrix
   rows: 3
   cols: 4
   dt: d
   data: [ 339.69174,    0.     ,  305.8753 ,    0.     ,
            0.     ,  340.96127,  235.33929,    0.     ,
            0.     ,    0.     ,    1.     ,    0.     ]

dist_rgb: !!opencv-matrix
   rows: 5
   cols: 1
   dt: d
   data: [ 9.0249500000000005e-01, -2.9638300000000002e+00,
       1.6009899999999999e+00, 4.3266200000000000e-04,
       -4.7723800000000000e-04 ]

dist_ev: !!opencv-matrix
   rows: 5
   cols: 1
   dt: d
   data: [-0.031982, 0.041966, -0.000507, -0.001031, 0.000000]

dist_depth: !!opencv-matrix
   rows: 5
   cols: 1
   dt: d
   data: [5.3632999999999997e+00, 3.3549300000000000e+00,
       1.6303200000000001e-01, -1.0816800000000000e-05,
       -1.4386799999999999e-05]

height_ev: 480
width_ev: 640

#height_rgb: 720
#width_rgb: 1280
height_rgb: 1024
width_rgb: 1224

#height_depth: 480
#width_depth: 640
height_depth: 576
width_depth: 640

camera_name: mpl_prophesee

#depth_topic: "/depth_to_rgb/image_raw"
depth_topic: "/prophesee/left/depth_image_undistort"

# event_topic: "/prophesee/camera/cd_events_buffer_reconstructed"
#event_topic: "/prophesee/camera_left/cd_events_buffer_reconstructed"
event_topic: "/prophesee/left/events"

rgb_topic: "/camera/left/image_mono"

imu_topic: "/imu/data"

gt_topic: "/gt/pose"

tolerant_msec: 20.0

distortion_model: "plumb_bob" # "equidistant"

depth_downsample_factor: 3

#ts_decay_factor: 2.5e-3 # exponential decay factor in ms 
ts_decay_factor: 10.0e-3 # exponential decay factor in ms 

ignore_polarity: 1

ac_accumulated_time: 20.0e-3 #accumulated time

ts_mode: "backward" # "forward"

depth_mode: "ts" # "rgb"

with_ICP: 0

with_event: 0

ACC_N: 1  #the variance of the noise in ACC

ACC_W: 1  #the variance of the bias in ACC

GYR_N: 1  #the variance of the noise in GYR

GYR_W: 1  #the variance of the bias in GYR

bias_a: !!opencv-matrix
    rows: 1
    cols: 3
    dt: d
    data: [0., 0., 0.]

bias_w: !!opencv-matrix
    rows: 1
    cols: 3
    dt: d
    data: [0., 0., 0.]

bag_path: "/media/cuili/WantingHDD/zzz/VECtor/our_edited/sofa_f_edited.bag"
#bag_path: "/home/cuili/Downloads/sofa_normal1_synced_edited.bag"
#bag_path: "/home/cuili/Downloads/Slow1_ECID_edited.bag"
#bag_path: "/home/mpl/datasets/High_Table/Well-Lit/Slow1_ECID_edited.bag"

#pcd_path: "/home/cuili/Downloads/pcd/result/new/pc/pc_new_sofa_normal_flow1.pcd"
pcd_path: "/home/cuili/zzz/semidense-lines-zzz/results_line_segments/result/VECtor/sofa_f.pcd"

resultPath: "/home/cuili/zzz/ESLAM_nf_annf/src/EVENT-D-VO/esvo_plus/"

calib_dir: "/home/cuili/zzz/ESLAM_nf_annf/src/EVENT-D-VO/esvo_plus/cfg/calib_mpl/vector"

ts_interp_factor: 10
Num_for_Predict: 5

start_time: 1642516757.125902 #根据orb运行结果，去掉初始化部分
