image_width: 640
image_height: 480
camera_name: prophesee_gen3_left
camera_matrix:
  rows: 3
  cols: 3
  data: [ 329.94156,    0.     ,  309.09818,
            0.     ,  329.90821,  236.25427,
            0.     ,    0.     ,    1.     ]
distortion_model: plumb_bob
distortion_coefficients:
  rows: 1
  cols: 5
  data: [-0.028820, 0.039504, 0.000046, 0.000361, 0.000000]
rectification_matrix:
  rows: 3
  cols: 3
  data: [1., 0., 0.,
         0., 1., 0.,
         0., 0., 1.]
projection_matrix:
  rows: 3
  cols: 4
  data: [ 341.89423,    0.     ,  310.64119,    0.     ,
            0.     ,  342.93082,  236.52699,    0.     ,
            0.     ,    0.     ,    1.     ,    0.     ]
